A = [1 -2 0 0 0;
     0 -1 1 0 0;
     2  2 0 1 0;
     0  0 0 -1 1;
     1  1 1  1 1];
b = [0 14 0 -58 1556];
x = A \ b'
